00 00
40 00 21 49 00 01 11 30 03 02 00 00 3D 83 35 E9 97 51 3D 83 35 E9 A9 04 6D 27 00
02 01 11 A4 6B 00 03 01 12 E3 03 00 00 05 10 02 03 00 00 A6 FA 00 01 05 10 03 03
	00 00 CB 79 00 02 07 32 00 01 0C 12 08 20 7D 14 00
03 05 10 03 01 00 00 C8 FB 00
00 05 10 03 01 00 00 A6 53 00
01 05 10 03 01 00 00 73 CC 00
02 05 10 03 01 00 00 1D 64 00

====

00 00
40 00 21 49 00 01 11 30 03 02 00 00 3D 83 35 E9 97 51 3D 83 35 E9 A9 04 6D 27 00
02 01 11 A4 6B 00 03 01 12 E3 03 00 00 05 10 02 03 00 00 A6 FA 00 01 05 10 03 03
	00 00 CB 79 00 02 07 32 00 01 0C 12 08 20 7D 14 00
03 05 10 03 01 00 00 C8 FB 00
00 05 10 03 01 00 00 A6 53 00
01 05 10 03 01 00 00 73 CC 00
02 05 10 03 01 00 00 1D 64 00


===
This seems the most logic framing

CC CC LL UU UU       XX * Length
Counter  UNKNOWN     DATA
      Length


00 00 40 00 21 49
00 01 11 30 03       02 00 00 3D 83 35 E9 97 51 3D 83 35 E9 A9 04 6D 27
00 02 01 11 A4       6B
00 03 01 12 E3       03

00 00 05 10 02       03 00 00 A6 FA
00 01 05 10 03       03 00 00 CB 79
00 02 07 32 00       01 0C 12 08 20 7D 14
00 03 05 10 03       01 00 00 C8 FB

00 00 05 10 03       01 00 00 A6 53
00 01 05 10 03       01 00 00 73 CC
00 02 05 10 03       01 00 00 1D 64
00